262
75
339
231
155
368
30
13
99
1274
288
364
129
337
109
103
123
56
209
150
157
243
-3
111
4
375
41
589
175
333
203
-7
709
104
133
202
87
579
404
285
160
351
135
192
130
357
40
423
225
155
66
373
214
-3
339
516
561
101
25
212
31
199
611
57
101
133
230
-40
203
147
181
235
145
127
263
171
321
266
102
739
200
147
273
156
218
213
325
172
162
111
-890
421
76
21
1
354
64
235
128
260
547
176
184
7
122
-13
285
50
90
63
435
29
-28
-3
302
86
360
391
740
281
201
442
39
306
314
353
617
52
150
327
387
237
97
67
349
329
154
267
-17
213
410
13
2
157
269
200
365
2032
110
393
571
119
365
116
337
176
205
119
185
162
87
478
482
243
162
228
-9
619
