30
183
75
12
-3
200
4
-3
11
12
13
80
285
11
129
8
61
-7
-7
18
107
92
57
50
258
54
13
9
64
379
90
118
0
-3
31
21
27
51
13
15
62
47
9
122
4
105
4
0
-3
37
10
102
14
14
-3
-13
-7
0
63
80
18
49
158
13
105
8
51
85
-6
126
188
111
160
-3
-19
0
-3
22
-3
15
28
-10
41
59
20
23
14
238
158
16
12
-10
1
31
33
12
0
-10
22
0
2
75
0
134
-10
0
0
17
-19
78
-3
90
127
52
57
52
3
10
11
2
0
5
89
25
-31
-3
11
10
308
18
107
-3
111
37
10
14
0
3
514
215
50
0
13
-7
-3
-3
13
1
-3
-3
45
-3
175
-3
-3
3
-3
216
51
0
-3
65
37
67
10
13
20
15
51
-3
5
76
4
12
25
20
172
53
12
0
12
3
88
46
25
0
-7
-7
0
19
-3
55
-7
28
33
109
2
58
143
368
370
-6
4
10
119
24
28
162
12
286
-3
139
-10
-3
135
23
5
61
13
560
0
0
170
59
69
12
42
0
3
22
-3
4
-3
201
10
13
-7
-7
0
-3
-10
3
112
67
62
24
3
87
20
65
3
17
28
112
10
-3
9
23
0
66
52
19
7
2
-3
-3
48
151
0
7
3
-3
0
53
-3
15
154
72
243
10
63
13
31
62
20
32
0
0
1
1
-3
-3
93
-3
0
15
-3
89
3
141
77
4
24
22
3
-7
2
0
3
0
21
5
-3
127
17
2
2
-3
16
-13
-3
-6
3
0
-3
54
-7
2
-3
61
101
0
66
230
0
28
65
202
48
9
60
-3
-3
48
109
-3
-3
-3
-3
-3
42
-3
13
10
-3
-13
7
-3
-10
-3
-3
0
-7
-3
0
-3
37
81
-13
60
0
-3
0
-3
6
-3
-3
-27
10
4
89
20
78
-22
45
-3
-3
80
-7
-3
39
180
127
19
-7
86
15
12
-3
-25
12
9
15
8
-3
0
2
-10
0
27
-18
12
161
15
325
83
0
66
59
129
-34
99
2
-13
0
-3
111
-3
-7
0
-3
1
914
25
119
58
-3
-3
14
95
10
-3
13
-15
-3
-9
5
5
0
12
-7
58
15
183
0
87
117
0
-7
45
41
-3
12
0
27
275
2
38
219
17
17
69
71
0
78
-3
0
58
0
21
100
12
0
12
12
-3
4
413
67
320
77
16
127
21
19
7
6
7
5
42
71
28
97
42
31
19
111
195
12
92
4
4
-6
0
16
301
15
275
0
62
60
-3
26
71
37
178
156
138
-3
-3
11
4
105
67
-7
6
11
15
3
19
46
13
-3
-3
258
23
28
11
-3
2
-16
-7
0
82
2
1
5
15
284
123
53
97
4
35
10
0
-3
50
-3
48
13
14
-3
92
39
-3
-6
0
86
-3
8
33
71
18
40
0
44
37
-7
-3
60
35
21
19
9
16
98
77
23
-3
-3
4
65
23
-6
-10
36
-16
61
88
4
36
77
0
-7
1
4
4
0
4
-3
64
4
21
20
56
-3
57
5
117
113
1
0
2
-10
16
23
28
-10
12
10
8
32
-10
12
118
3
13
4
-3
-7
-6
0
63
142
98
21
217
-28
19
10
-7
86
76
86
3
49
3
107
-42
0
84
105
-3
5
5
