1
1
1
1
1
1
1
1
1
1
1
1
1
1
1
1
1
1
1
1
1
1
1
1
1
1
1
1
1
1
1
1
82
2
1
214
70
115
149
26
89
147
-209
60
-81
307
8
43
0
125
2
66
167
456
18
262
6
109
74
129
31
15
51
-3
57
108
-7
192
7
3
-3
0
53
12
165
75
285
11
86
-16
-24
164
102
11
3
0
93
318
3
180
602
2
-3
16
-13
-3
-6
3
0
-3
54
-7
2
-3
61
101
231
62
60
10
0
-10
10
203
-3
161
15
325
176
16
106
-3
105
64
12
114
50
27
12
17
35
98
370
-3
60
37
178
15
196
220
51
0
-3
82
38
-7
130
155
162
54
31
62
258
147
292
92
186
13
12
30
122
4
105
4
0
-3
37
13
99
57
65
-7
-3
14
54
112
-3
118
40
-7
4
72
537
10
206
156
3
176
71
52
3
10
318
17
92
12
116
21
19
9
16
98
77
23
0
2
217
92
329
1093
-13
12
17
-81
65
94
15
227
12
139
-81
272
27
340
117
285
-5
-21
10
-3
-3
313
-31
-10
26
58
75
0
364
474
63
-3
12
109
527
11
-7
213
14
14
875
92
40
-10
0
422
10
377
243
413
440
34
40
330
-10
31
33
66
52
123
77
2
18
10
-3
-3
578
102
94
35
188
-42
124
13
-3
-3
-3
13
101
119
102
183
50
258
72
148
126
-3
58
407
76
159
56
23
28
11
129
299
4
89
20
78
-22
180
25
0
-37
149
12
0
-10
22
460
44
344
246
126
188
209
192
151
94
65
153
30
-7
181
30
164
116
172
26
546
23
128
14
153
129
53
0
110
181
236
238
204
3
125
-3
-13
61
-10
-3
431
40
3
-19
370
69
78
90
13
100
169
60
57
22
11
22
10
11
-3
-3
118
3
108
2
220
31
36
11
335
-120
19
155
-3
311
255
465
10
117
-3
0
-7
-3
-3
86
0
-3
-241
291
-25
-2
856
546
514
183
1
-13
150
-10
158
16
12
102
108
94
65
66
77
175
3
-3
216
-3
-3
10
14
0
3
181
183
-27
147
209
245
230
114
51
-25
4
11
-3
15
-31
175
209
259
101
110
139
11
3
31
4
260
24
2
0
15
-3
-3
84
118
0
0
170
250
330
25
90
-3
153
397
48
9
60
203
577
50
-7
210
140
140
26
214
124
76
-3
-3
-7
9
23
0
243
0
31
-3
226
141
131
148
-3
23
-6
-10
36
152
-3
15
60
390
-6
0
16
301
15
275
0
18
847
16
15
0
150
-3
4
65
133
35
10
38
114
202
-6
4
10
261
68
167
0
3
76
183
152
59
-3
-13
-7
579
22
3
-7
2
137
205
0
-3
11
-7
-7
0
28
141
265
74
42
265
261
-3
139
404
299
272
-3
152
146
6
0
-13
20
18
3
178
8
111
58
86
0
-16
61
88
351
95
10
-3
60
41
291
0
7
18
218
-3
99
11
37
133
12
144
495
-3
31
285
42
1
123
135
159
11
91
239
11
2
210
192
55
406
199
71
169
173
111
160
208
37
-3
37
52
-3
154
-3
-19
0
261
181
27
185
603
169
-3
11
-3
-7
83
25
-9
12
8
-7
111
174
12
130
5
-3
256
69
357
19
96
58
91
-3
19
-3
-3
-3
134
12
13
80
20
-12
46
0
-3
107
-81
174
-10
72
0
-3
0
293
21
21
11
10
8
12
0
6
345
2
-7
9
-3
-3
55
24
102
27
25
5
41
59
121
95
2
-7
173
83
172
4
261
21
115
287
74
106
134
64
11
2
110
5
76
4
12
25
20
172
53
12
0
66
12
118
52
81
68
16
13
211
88
120
3
-10
-3
11
295
3
14
-19
11
23
400
210
144
128
-7
0
29
127
-3
58
-3
-3
14
76
0
169
4
36
54
10
1
-19
175
44
-3
10
1
12
0
1
-9
4
2
0
107
234
700
221
205
43
29
113
332
132
10
2
4
24
72
77
0
146
10
95
178
320
11
11
769
117
125
151
0
42
0
-3
4
36
428
428
404
158
-7
516
-3
-3
0
606
50
92
202
86
15
12
-3
35
300
105
30
46
86
381
0
12
1
0
92
-3
28
211
-3
210
295
3
373
149
7
194
0
269
90
148
68
144
368
68
2
0
-13
-3
313
134
303
27
275
2
38
54
0
9
75
213
14
21
-13
31
19
10
-3
-3
-3
148
127
6
0
337
273
152
195
11
37
0
330
478
52
2
79
-7
57
-7
102
75
0
11
309
23
13
7
-28
1
-244
197
138
-10
372
0
317
734
177
141
367
111
-3
8
248
12
9
15
8
-3
0
2
-10
0
27
101
-18
2691
-42
3712
63
171
0
16
14
272
197
245
-109
225
140
63
-3
302
73
46
79
245
18
1
-10
22
86
-3
198
76
750
-16
100
79
-3
0
-3
82
260
13
-7
146
134
157
102
-7
-3
-3
2
14
258
25
364
131
156
362
45
38
291
52
402
75
248
334
59
13
14
775
0
79
-6
0
12
27
24
57
207
227
112
0
64
78
150
20
32
127
255
89
177
317
0
-7
58
172
346
363
-447
190
-3
5
754
14
347
217
72
0
203
2
-16
167
2
30
568
-3
93
3
14
12
206
35
199
61
11
2
43
195
125
135
424
93
100
-13
11
186
37
4
76
143
101
39
-3
391
221
112
10
104
273
86
77
0
-7
1
4
4
0
611
106
59
129
59
98
3
0
81
49
37
81
103
93
128
166
291
126
4
-3
64
4
21
455
311
149
13
-3
-25
10
9
548
100
-3
429
100
227
12
31
143
14
20
56
-3
57
157
132
63
247
78
0
63
101
5
15
284
123
53
97
4
101
106
163
133
289
13
105
8
51
85
299
230
203
330
-7
-3
-3
-3
167
5
15
0
10
-27
0
67
128
5
117
167
11
117
137
10
5
21
17
27
370
42
84
90
113
147
181
43
55
33
3
148
4
173
127
191
32
56
70
205
40
58
422
4
184
131
63
13
55
429
166
13
670
75
192
20
97
-31
80
118
105
396
13
4
102
24
209
327
67
37
235
128
120
16
-3
9
139
35
29
118
-3
53
41
-3
25
388
14
177
0
-7
202
11
15
3
19
46
145
21
5
-3
127
3
321
-81
-25
167
15
70
115
171
650
57
-3
230
-3
15
105
88
46
321
25
0
78
-3
109
111
-7
-7
0
19
-3
105
5
-3
3
0
10
8
290
298
171
79
-19
67
40
0
109
1
257
343
753
490
102
343
274
102
458
65
12
-3
304
151
940
533
-42
328
121
-3
63
74
89
-3
172
198
119
14
179
-10
215
46
83
-3
146
6
-3
0
0
0
-18
-6
146
249
627
480
-15
-19
3
0
8
-3
0
58
0
373
175
11
-3
276
2
55
105
3
-3
3
3
26
16
11
-25
-3
3
93
3
6
22
92
-3
221
273
0
1
1
-3
-3
191
147
82
175
625
-3
31
10
29
308
-3
-3
52
65
-3
223
219
16
16
35
293
263
61
307
11
-7
-3
125
47
-3
60
5
-7
7
211
174
-3
130
150
3
194
-6
16
61
280
142
17
294
205
74
3
100
94
-12
423
17
0
223
118
39
412
181
82
1
0
2
333
28
125
20
-3
-3
-3
-3
-3
42
-3
13
10
-3
-13
7
-3
-10
218
76
0
74
112
17
-3
196
0
-3
31
5
1
-66
-3
149
234
0
5
-10
-3
193
1
18
57
15
220
100
4
0
-3
0
-3
0
110
-3
0
15
-3
89
79
55
188
103
59
7
164
-3
-3
12
15
-3
53
-3
3
106
16
631
84
87
11
83
75
190
58
53
57
21
197
8
-3
90
221
266
95
37
259
-10
70
156
83
0
66
265
34
0
0
4
35
2
-3
-3
0
20
82
681
203
0
181
366
312
153
-3
-3
353
27
-4
0
-3
66
128
-9
0
3
79
18
0
5
74
70
54
513
356
15
13
25
0
15
22
219
115
87
2
921
252
60
2
71
185
384
45
41
33
134
-10
0
0
304
129
4
5
96
61
-13
4
46
13
10
21
191
470
12
118
-3
475
11
151
-3
217
-10
11
12
107
39
-3
-3
-25
13
293
20
126
68
164
4
28
74
15
168
213
17
0
253
0
11
17
12
5
-10
10
-3
-7
30
22
21
95
86
0
172
5
311
16
69
70
118
11
18
111
27
285
150
149
1
142
178
12
2
17
96
17
28
112
452
145
191
160
-890
-3
0
-3
10
97
12
66
25
23
97
61
-10
165
558
58
56
421
0
12
12
-3
272
16
198
-3
0
33
69
32
114
46
130
-3
271
104
99
11
150
-10
16
42
31
19
249
21
86
149
-10
781
129
153
-3
360
-7
355
92
217
41
0
24
898
9
9
38
21
339
334
336
20
23
14
238
21
84
10
248
-3
-27
10
354
-7
58
-10
91
127
17
150
73
-3
235
128
69
80
145
-3
11
4
105
67
-7
-3
153
149
9
-7
-3
0
10
18
3
-3
125
4
-9
0
-3
74
106
-3
92
5
89
63
140
-6
-19
-3
0
19
194
50
0
2
2
16
-13
3
13
-7
415
359
75
0
78
-9
17
-3
-22
94
70
27
14
88
228
71
0
78
48
21
2
435
18
0
622
112
557
58
112
28
33
109
2
58
-7
19
351
0
239
579
0
-7
176
13
-15
-3
-9
184
7
151
13
69
138
108
-7
129
315
30
287
460
334
-7
36
335
168
870
12
-42
92
308
11
-3
58
58
53
48
48
322
3
51
-3
165
15
36
0
2
123
6
25
-19
164
267
119
24
448
23
-3
26
300
229
256
56
204
-7
11
24
167
93
139
358
215
50
285
-3
22
-3
15
28
314
138
9
304
424
77
95
80
13
109
0
18
-3
8
-7
117
176
184
0
28
65
202
2
3
126
66
198
485
355
22
5
11
0
46
32
292
13
-7
-7
0
-3
-10
3
189
7
140
105
200
51
111
75
234
138
133
2
205
53
-3
31
29
0
25
1
148
6
284
222
-42
2
27
241
316
48
23
64
90
-3
48
111
195
254
184
-3
63
134
17
426
-3
284
77
79
283
399
83
15
130
345
4
147
38
3
-10
186
70
294
242
23
28
275
72
14
34
26
22
99
256
22
97
36
16
149
0
23
11
-4
351
13
167
39
-10
1
401
80
29
11
-42
20
10
73
-6
9
81
154
-7
107
109
247
149
0
164
25
28
560
228
-7
90
100
16
127
21
228
55
160
0
19
5
8
14
21
-3
-31
7
48
23
118
46
-3
214
-3
230
96
13
560
172
21
185
-3
-3
48
109
122
6
395
16
219
154
90
365
92
6
8
430
68
-10
9
0
66
305
37
799
11
109
-10
12
329
26
86
84
12
253
1523
10
8
-3
5
5
29
-28
15
46
22
130
56
11
107
41
26
34
17
147
32
8
4
4
15
10
13
34
15
15
11
165
0
0
13
18
15
17
18
-3
11
33
238
2
-16
10
-3
10
8
-3
-7
-7
15
-3
0
72
169
292
71
28
97
126
8
0
0
167
95
10
0
0
-6
54
39
86
32
-10
105
262
-3
126
19
247
295
21
50
-3
100
12
12
11
-3
0
84
17
290
-7
-7
18
107
92
57
401
-88
-10
-16
0
65
11
25
-3
97
457
17
0
203
59
360
10
4
45
129
19
0
18
-3
273
4
139
224
123
237
442
-81
579
-3
2
-3
98
399
2
-3
-3
48
271
245
-7
3
-10
74
73
55
111
0
-3
0
-3
6
203
-28
105
141
0
-3
366
317
8
72
54
13
156
64
116
799
339
25
368
370
211
49
411
70
221
183
82
-18
7
11
-3
12
-3
-3
-3
11
10
308
324
229
-3
104
281
-184
-3
10
95
46
169
72
78
-22
78
178
102
12
118
3
13
4
-3
-7
-6
6
545
165
190
-3
98
21
42
12
1
3
230
0
372
0
-3
198
80
0
63
142
34
4
239
10
275
10
4
10
33
71
18
40
0
44
37
-7
-3
8
98
21
217
-19
107
221
290
55
19
7
6
121
10
397
111
211
53
138
10
0
76
4
106
280
-3
-10
-3
0
196
112
120
-3
-16
-3
115
240
29
0
5
17
-36
3
106
243
221
91
132
-25
157
22
67
49
15
27
69
19
134
286
15
183
0
87
314
162
353
21
27
51
13
15
62
47
9
617
64
379
90
-6
167
8
5
25
126
4
23
87
20
65
3
136
327
240
12
56
-3
0
19
-22
5
2
-3
-3
3
191
686
679
3
22
-3
37
-3
-3
0
84
14
95
52
133
64
8
76
141
95
14
-3
79
4
3
42
46
10
0
39
12
-18
77
17
155
189
112
12
286
217
8
102
68
43
46
199
114
17
24
34
99
-6
-3
-3
859
242
-3
-3
13
153
0
-10
11
301
10
451
-3
74
260
149
-3
149
181
320
107
108
212
27
97
135
23
93
67
10
93
92
156
184
3
349
329
93
275
11
12
15
51
-34
2
215
182
598
8
61
267
0
-55
5772
-3
230
2
159
4
413
67
320
77
213
-3
2
-16
-7
0
233
40
10
43
187
13
-3
12
269
30
183
317
220
253
499
114
-3
0
372
15
154
72
243
13
110
19
116
24
363
134
53
253
111
4
546
152
178
-3
200
45
-3
-3
80
-7
-3
342
94
198
-3
0
19
209
273
-16
11
-21
127
59
69
2
-13
0
-3
111
-3
-7
0
-3
1
914
25
133
658
-3
264
112
10
-3
104
137
325
199
103
122
78
571
-3
12
227
28
237
59
80
365
799
37
-24
116
118
44
138
395
52
111
176
89
63
11
11
-7
219
52
-3
22
97
743
-28
19
10
-7
86
76
86
3
82
104
205
39
180
127
19
51
18
10
3
84
149
108
16
10
14
10
0
7
5
42
309
108
108
212
323
-3
3
212
-6
140
11
-13
179
158
394
50
119
141
73
13
4
281
131
145
123
0
160
0
78
67
62
24
332
-42
12
43
59
1
-3
-3
45
87
-3
-81
347
107
11
5
303
17
12
131
13
12
-3
399
127
56
12
377
65
20
478
482
65
37
67
10
13
20
81
215
65
13
-3
68
319
10
116
41
499
3
0
162
228
-3
201
11
50
215
254
49
3
107
-9
-42
-31
15
91
393
127
122
-3
-28
127
52
57
167
28
49
21
90
13
0
58
400
